# DUVET
**D**anish **UV** **E**nd-station **T**ool

This tool is designed to help you manage data obtained at the AU-UV endstation of the ASTRID2 synchrotron at Aarhus Univeristy, in Denmark.
Its current main functionality is to read the data files produced by the endstation, calculate absorbances, and produce plots of absorbance.
It can also fit the absorbance data with gaussian functions as a first step in your data analysis.

This document provides usage examples. To being using the tools, you must have `spectools.py` in your working directory, and import it as follows:


```python
import spectools
#help(spectools)
```

You can run `help(spectools)` to see a full summary of the classes and methods. 

## Example: Reading Data

To read data, you need to know the paths to your relevant samples and backgrounds. You can have as many samples and backgrounds as you want, and they will be averaged together. For this example, I have two. 


```python
# keep things reproducable by setting the random seed.
import random
random.seed(31415)
```


```python
path = "./raw_data/SergioIoppolo-November2023/20231101/"

bkgd_short1 = path + "R73773.d01"
bkgd_short2 = path + "R73773.d02"
sample_short1 = path + "R73780.d01"
sample_short2 = path + "R73780.d02"

# build the spectrum object
spec1 = spectools.Spectrum()
spec1.change_name("R73780")
# add backgrounds
spec1.add_bkgd(bkgd_short1)
spec1.add_bkgd(bkgd_short2)
# add samples
spec1.add_sample(sample_short1)
spec1.add_sample(sample_short2)
# give it a color (is black by default)
spec1.change_color("blue")
# average the scans together
spec1.average_scans()

# make a plot of the data
spectools.plot_absorbance([spec1], figsize=(7, 5),
                      xlim=(120, 340), ylim=(-0.02, 0.7),
                      save_path="./misc_figures/one_spectrum.svg");
```


    
![png](README_files/output_5_0.png)
    
s

By running `help` on the `Spectrum` object you can see all its methods:


```python
help(spec1)
```

    Help on Spectrum in module spectools object:
    
    class Spectrum(builtins.object)
     |  Spectrum(debug=False)
     |
     |  Represents a spectrum, so the average of one or more scans
     |
     |  Parameters belonging to the fully constructed object:
     |
     |      baseline_p : (list) parameters from the fit of the rayleigh scattering
     |                   baseline. None until subtract_baseline() has been run.
     |      bkgd : (pandas.DataFrame) The averaged background data.
     |      bkgd_files : (list) a list of background files that make up the scans.
     |      changelog : (str) a string which contains the history of the data. Every
     |                  time a function is called, a line is written to describe
     |                  what happened and at what time. This is then added to the
     |                  header of a file during export.
     |      cindex : (int) the index of the current position in the color cycle for
     |               color cycling.
     |      color : (str) the hex color used for plotting this spectrum.
     |      data : (pandas.DataFrame) the data belonging to this
     |             spectrum, averaged together from its corresponding
     |             scans.
     |      debug : (boolean) whether or not to run the functions of this Specturm
     |              in debug mode, where additional information is printed to the
     |              console as attributes are changed.
     |      fit_components : (list) a list of dictionaries which make up the fit
     |                       components after `fit_peaks()` is called. Each
     |                       dictionary has the following components: parameters,
     |                       and absorbance. The `parameters` are the three values
     |                       which describe the gaussian: amplitude, center, and
     |                       standard deviation. The `absorbance` has the y values
     |                       of the gaussian corresponding to the `data` parameter's
     |                       wavelength values.
     |      fit_results : (dict) A dictionary of the best fit results after
     |                    `fit_peaks()` is called. It consists of the following
     |                    components: redchi2, p, pcov, best_fit. `redchi2` is the
     |                    reduced chi square value of the fit. `p` is the fit
     |                    parameters. `pcov` is the covariance matrix of those
     |                    parameters. `best_fit` are the absorbance values
     |                    calculated to fit the data.
     |      linestyle : (str) the linestyle for matplotlib plotting.
     |      linewidth: (int) the line width for matplotlib plotting.
     |      name : (str) the name of this spectrum, which will be shown
     |             in plot legends.
     |      offset : (float) by how much the spectrum should be offset
     |               in the plot_absorbance() plot, in absorbance units.
     |               Defaults to 0.0.
     |      peaks : (list) a list of the peak positions in the spectrum. Is None
     |              prior to calling `fit_peaks()`.
     |      peak_errors : (list) a list of the standard deviation peak errors. Is
     |                    None prior to calling `fit_peaks()`
     |      sample : (pandas.DataFrame) The averaged sample data.
     |      sample_files : (list) a list of sample files that make up the scans.
     |      scans : (list) a list of SingleScan objects that will be
     |              averaged together to make this spectrum.
     |      visible : (boolean) whether the spectrum should appear in
     |                the plot generated by plot_absorbance() or not.
     |                Defaults to True.
     |
     |  Methods defined here:
     |
     |  __init__(self, debug=False)
     |
     |  add_bkgd(self, bkgd_fname)
     |      Adds a background file to this spectrum's list of backgrounds
     |
     |      bkgd_fname : (str) the path to the background file being added
     |
     |  add_sample(self, sample_fname)
     |      Adds a sample file to this spectrum's list of samples
     |
     |      sample_fname : (str) the path to the background file being added
     |
     |  average_scans(self)
     |      Averages the scans relating to this spectrum. First all backgrounds are
     |      averaged together. Then all samples are averaged together. Then the
     |      absorbance is calculated, taking the base 10 log of the ratio of the
     |      background and scan signal. The result is put in a pandas dataframe and
     |      stored in the .data parameter.
     |
     |  change_color(self, new_color)
     |      Changes the color used for plotting this spectrum
     |
     |  change_index(self, new_index)
     |      Changes the index of this spectrum for use in the DUVET GUI
     |
     |      new_index : (int) the new index for this spectrum
     |
     |  change_linestyle(self, new_style)
     |      Changes the linestyle of this spectrum
     |
     |      new_style : (str) the matplotlib linestyle for this spectrum
     |
     |  change_linewidth(self, new_width)
     |      Changes the line width of this spectrum
     |
     |      new_linewidth : (int) the matplotlib line width for this
     |                          spectrum
     |
     |  change_name(self, new_name)
     |      Changes the name of this spectrum
     |
     |      new_name : (str) the new name for this spectrum
     |
     |  change_offset(self, new_offset)
     |      Gives the spectrum an offset value. When plotted in the
     |      plot_absorbance function, the offset value will simply be
     |      added to the spectrum's absorbance values. This allows the
     |      user to vertically shift the spectrum if needed.
     |
     |      offset : (float) the offset for the spectrum, in absorbance
     |               units
     |
     |  cycle_color(self)
     |      Changes the color based on a color cycle
     |
     |  export(self, path=None)
     |      Export the data and attributes
     |
     |  fit_peaks(self, verbose=False, guesses=None, ng=None, ng_lower=None, ng_upper=None, do_scattering=False, fit_lim=(120, 340), custom_components=None)
     |      Finds and fits the peaks in the spectrum by fitting the spectrum with
     |      some number of asymmetric Gaussian functions. The locations of the peaks
     |      as well as the fitted spectrum are returned, but also added to a peaks
     |      and fit parameter of the object. The best fit is saved as a column in
     |      the spectrum's `data` DataFrame parameter.
     |
     |      Parameters:
     |
     |      do_scattering : (boolean) Whether or not to fit using the rayleigh
     |                    scattering function as a part of the fit.
     |      fit_lim_low : (float) the lower limit on the wavelength range used in
     |                    fitting. Defults to 120.
     |      guesses: (list) a list of dictionaries containing the guesses to your
     |               fit. The dictionaries must be of the form: {'lower':, 'guess':,
     |               'upper':} where 'guess' is your guess for the value of a fit
     |               parameter, and 'lower' and 'upper' are lower and upper limits
     |               respectively. Guesses for gaussian fit parameters must be in
     |               groups of three; a, c, and s, where a is the amplitude of the
     |               gaussian, c is the center wavelength, and s is the standard
     |               deviation. If you have `do_baseline` to True, you should
     |               include an additional two parameters *at the start* of p0.
     |               These parameters are m and k, where m controls the steepness of
     |               the scattering curve, and k controls the amplitude. If you have
     |               any custom components, you must include guesses for the
     |               amplitudes of those components at the start of the list, before
     |               your guesses for the baseline.
     |      ng : (tuple or int) The number of gaussians to use in the fit, or lower
     |           and upper limits on how many gaussians to use in the fit.
     |      ng_lower : (int) [Depreciated] The lower limit on the number of
     |                 gaussians to try and fit with.
     |      ng_upper : (int) [Depreciated] The upper limit on the number of
     |                 gaussians to try and fit with.
     |      verbose : (boolean) If true, prints debug and progress statements.
     |                Defaults to False.
     |
     |  flip_visibility(self)
     |      Changes the visibility of the spectrum when plotting. If
     |      the self.visible parameter is false, the plot_absorbance
     |      function will skip plotting this spectrum.
     |
     |  remove_bkgd(self, bkgd_fname)
     |      Removes a background from this spectrum's list of backgrounds
     |
     |      bkgd_name : (str) the name of the background being removed
     |
     |  remove_sample(self, sample_fname)
     |      Removes a sample from this spectrum's list of samples
     |
     |      sample_name : (str) the name of the spectrum being removed
     |
     |  subtract_baseline(self, lim=None, how='min')
     |      Performs a baseline subtraction on the spectrum. This is done just by
     |      shifting all values such that some chosen value is zero. There are two
     |      methods, determined by the how parameter.
     |
     |      lim : (tuple or None) the limits on where the zero point is searched
     |            for. Defaults to None.
     |      how : (str) How to determine the zero point. Acceptable values are
     |            "min", and "right". When "min", the function will find the minimum
     |            absorbance value within the wavelength range set by lim, and shift
     |            the data such that it is zero. When "right", the rightmost
     |            value will be shifted such that it is zero.
     |
     |  update_description(self, new_description)
     |      Change the description of the spectrum
     |
     |  ----------------------------------------------------------------------
     |  Data descriptors defined here:
     |
     |  __dict__
     |      dictionary for instance variables
     |
     |  __weakref__
     |      list of weak references to the object
    


`Spectrum` objects have several attributes. Below are the attributes of the one we just constructed.


```python
spec1.name
```




    'R73780'




```python
spec1.color
```




    'blue'




```python
# these are the calibrated data which are used for plotting and fitting
spec1.data
```




<div>
<style scoped>
    .dataframe tbody tr th:only-of-type {
        vertical-align: middle;
    }

    .dataframe tbody tr th {
        vertical-align: top;
    }

    .dataframe thead th {
        text-align: right;
    }
</style>
<table border="1" class="dataframe">
  <thead>
    <tr style="text-align: right;">
      <th></th>
      <th>absorbance</th>
      <th>wavelength</th>
    </tr>
    <tr>
      <th>index</th>
      <th></th>
      <th></th>
    </tr>
  </thead>
  <tbody>
    <tr>
      <th>0</th>
      <td>-0.149512</td>
      <td>110.0</td>
    </tr>
    <tr>
      <th>1</th>
      <td>-0.169499</td>
      <td>111.0</td>
    </tr>
    <tr>
      <th>2</th>
      <td>-0.112865</td>
      <td>112.0</td>
    </tr>
    <tr>
      <th>3</th>
      <td>-0.218492</td>
      <td>113.0</td>
    </tr>
    <tr>
      <th>4</th>
      <td>-23.447676</td>
      <td>114.0</td>
    </tr>
    <tr>
      <th>...</th>
      <td>...</td>
      <td>...</td>
    </tr>
    <tr>
      <th>106</th>
      <td>0.013420</td>
      <td>216.0</td>
    </tr>
    <tr>
      <th>107</th>
      <td>0.012746</td>
      <td>217.0</td>
    </tr>
    <tr>
      <th>108</th>
      <td>0.013698</td>
      <td>218.0</td>
    </tr>
    <tr>
      <th>109</th>
      <td>0.012702</td>
      <td>219.0</td>
    </tr>
    <tr>
      <th>110</th>
      <td>0.012059</td>
      <td>220.0</td>
    </tr>
  </tbody>
</table>
<p>111 rows × 2 columns</p>
</div>




```python
# this is a value which can control a shift in absorbance of the data for
# plotting. More details on offsets are below
spec1.offset
```




    0.0




```python
# this controls if this spectrum is visible in plotting or not. This is not so
# useful when working in jupyter notebook or other code interfaces, but very
# useful in a GUI where you can use checkboxes to control what is plotted.
spec1.visible
```




    True




```python
# a list of the background files associated with this Spectrum
spec1.bkgds
```




    [<spectools.SingleScan at 0x7faa60341a30>,
     <spectools.SingleScan at 0x7faa6081c5f0>]




```python
# a list of the sample files associated with this Spectrum
spec1.samples
```




    [<spectools.SingleScan at 0x7faa61383d70>,
     <spectools.SingleScan at 0x7faa607fa360>]



## Example: Plotting Data

Above, we plotted one spectrum in blue. But the `plot_absorbance` function is designed for plotting several spectra if we want to. In this example, we build a second `Spectrum` object and plot its data alongside the one we made previously. Note that `plot_absorbance` takes a list of `Spectrum` objects to plot. This list can be as long as you like.


```python
bkgd_long1 = path + "R73775.d01"
bkgd_long2 = path + "R73775.d02"
sample_long1 = path + "R73781.d01"
sample_long2 = path + "R73781.d02"

# build long spectrum
spec2 = spectools.Spectrum()
spec2.change_name("R73781")
spec2.add_bkgd(bkgd_long1)
spec2.add_bkgd(bkgd_long2)
spec2.add_sample(sample_long1)
spec2.add_sample(sample_long2)
spec2.change_color("red")
spec2.average_scans()

spectools.plot_absorbance([spec1, spec2], figsize=(7, 5),
                      xlim=(120, 340), ylim=(-0.02, 0.7),
                      save_path="./misc_figures/two_spectrums.svg");
```


    
![png](README_files/output_17_0.png)
    


## Example: Shifting Spectrums

The spectra are not perfectly aligned. This happens normally with the endstation due to a variety of factors, and we can apply offsets when plotting to correct for this. For example below, we change the offset on the longer wavelength spectrum upwards by 0.1:


```python
spec2.change_offset(0.1)

spectools.plot_absorbance([spec1, spec2], figsize=(7, 5),
                      xlim=(120, 340), ylim=(-0.02, 0.7),
                      save_path="./misc_figures/shift_example.svg");
```


    
![png](README_files/output_19_0.png)
    


Calling the `change_offset` function always changes the offset with respect to the data's original absorbance values, not the offset values. If we call it again and pass 0.0 as our offset value, the data in the plot return to where they were originally (the offset is now set to 0, rather than having 0 added to it):


```python
spec2.change_offset(0.0)

spectools.plot_absorbance([spec1, spec2], figsize=(7, 5),
                      xlim=(120, 340), ylim=(-0.02, 0.7),
                      save_path="./misc_figures/shift_example_2.svg");
```


    
![png](README_files/output_21_0.png)
    


## Example: Stitching Spectra

Properly aligned spectra can be stitched together into a single object. This is done by creating a `SitchedSpectrum` which consists of two or more `Spectrum` objects. The `Spectrum` objects are passed to the `StitchedSpectrum` initializer in a list. There can be as many `Spectrum` objects in that list as you need, so you can stitch many spectra together at once. Below is an example where we stitch the two spectra we already made above:


```python
spec2.change_offset(0.002)
stitched = spectools.StitchedSpectrum([spec1, spec2])

spectools.plot_absorbance([stitched], figsize=(7, 5),
                      xlim=(120, 340), ylim=(-0.02, 0.7),
                      save_path="./misc_figures/stitched.svg");
```


    
![png](README_files/output_23_0.png)
    



```python
stitched.name
```




    'R73780-R73781'




```python
stitched.visible
```




    True




```python
stitched.color
```




    'blue'




```python
stitched.offset
```




    0




```python
stitched.samples
```




    [<spectools.SingleScan at 0x7faa61383d70>,
     <spectools.SingleScan at 0x7faa607fa360>,
     <spectools.SingleScan at 0x7faa575ed640>,
     <spectools.SingleScan at 0x7faa5760e990>]




```python
stitched.bkgds
```




    [<spectools.SingleScan at 0x7faa60341a30>,
     <spectools.SingleScan at 0x7faa6081c5f0>,
     <spectools.SingleScan at 0x7faa5f85eea0>,
     <spectools.SingleScan at 0x7faa57603d70>]



## Additional Information on the Stitching Algorithm

The stitching algorithm can do more than just join adjacent spectra. It was also designed to be able to splice higher resolution spectra into other, wider wavelength range spectra. It can stitch any arbitrary number of spectra at any arbitrary wavelength ranges

It operates by iterating through every wavelength point of every spectrum you provide it. At each point, it asks itself "do we already have data at this wavelength in the resultant stitched spectrum we are building?" If the answer is no, the algorithm will add that wavelength and its absorbance value to the resultant stitched spectrum. If the answer is yes, the algorithm will compare the value it already has at that wavelength to the "new" value from the spectrum it is currently looking at. If the new value was taken from a spectrum with higher resolution than the current value's spectrum, it will replace the current value with the new value. If the values were taken using the same resolution, it will check how many samples were taken in each value's spectrum. The value with a higher sample count (i.e. better signal to noise) will be chosen. 

This process prioritizes high resolution spectra, then high sample number spectra, then all other spectra. The result will be a combined spectrum using the highest available resolution and signal to noise at each wavelength range provided to it.

It does not perform any value averaging. If you, like in the above example, have two adjacent spectra taken with the same resolution and number of samples with some wavelength overlap, the stitching algorithm will use the values from the first spectrum in the list provided to it, and switch to the next spectrum when it sees data at wavelengths not in the first spectrum. It does not consider any possible offsets between the spectra, and it does not attempt to average together values in the overlapping region. If that is the behavior you want in your data reduction, you will have to do it yourself.

## Example: Changing Names


```python
stitched.change_name("Propane as deposited at 8K")

spectools.plot_absorbance([stitched], figsize=(7, 5),
                      xlim=(120, 340), ylim=(-0.02, 0.7),
                      save_path="./misc_figures/name_change.svg");
```


    
![png](README_files/output_33_0.png)
    


## Example: Changing Colors


```python
stitched.change_color("green")

spectools.plot_absorbance([stitched], figsize=(7, 5),
                      xlim=(120, 340), ylim=(-0.02, 0.7),
                      save_path="./misc_figures/color_change.svg");
```


    
![png](README_files/output_35_0.png)
    


## Example: Simple Baseline Subtraction

For the baseline subtraction, the minimum value is found in some wavelenght range passed to the function. The entire absorbance data are then shifted such that the minimum is at zero.


```python
stitched.subtract_baseline(lim=(120, 340))

spectools.plot_absorbance([stitched], figsize=(7, 5),
                      xlim=(120, 340), ylim=(-0.02, 0.7),
                      save_path="./misc_figures/baseline_subtract.svg");
```


    
![png](README_files/output_37_0.png)
    


# Fitting

DUVET includes a robust fit function which can handle gaussian fitting, rayleigh scattering, and custom fit components. This section provides the details on each of these fitting types, which can be used concurrently or separately.

But first, it is worth presenting the entire, formal fit function so that we can label our fit parameters. The function contains three terms: one for each of the possible component types (Gaussian functions, custom components, and Rayleigh scattering). The function is shown below:

$$
f(\lambda) = \sum_{i=1}^{n_g} \frac{a_i}{\sqrt{2\pi}\sigma_i} e^{-\frac{1}{2}\left(\frac{\lambda-\lambda_{0, i}}{\sigma_i}\right)^2} + \sum_{j=1}^{n_{cc}}\alpha_{j} C_{j}\left(\lambda\right) + k\ln\left(\frac{1}{1-\frac{m}{\lambda^4}}\right) + b
$$

where:
- $\lambda$ is the wavelength of the light in the spectrum
- $n_g$ is the number of Gaussian functions to fit with
- $a_i$ is the amplitude of each respective Gaussian function
- $\sigma_i$ is the standard deviation of each respective Gaussian function
- $\lambda_{0, i}$ is the central wavelength of each respective Gaussian function
- $n_{cc}$ is the number of custom components included in the fit
- $\alpha_j$ is the amplitude of each respective custom component
- $C_{j}\left(\lambda\right)$ is the respective custom component in the fit, expressed as an array of absorbance numbers with respect to wavelength
- $m$ describes the loss in transmittance due to the scattering
- $k$ is the amplitude of the Rayleigh scattering baseline
- $b$ is a constant absorbance baseline

DUVET automatically adjusts this function to include as many Gaussian functions and/or custom components as the user specifies. All of the parts of the fit function are optional. If the user specifies to use 0 Gaussian functions, that term will be ignored. If the user does not provide custom components to fit with, that term will be ignored. And Rayleigh scattering is not fit by default, and will be ignored unless the user turns it on. The user enables and disables parts of the fit function by providing arguments to the `fit_peaks` Python function of the `Spectrum` and `StitchedSpectrum` classes of the `spectools` module.

The free parameters which are fit with the function are:
- $a_i$ is the amplitude of each respective Gaussian function
- $\sigma_i$ is the standard deviation of each respective Gaussian function
- $\lambda_{0, i}$ is the central wavelength of each respective Gaussian function
- $\alpha_j$ is the amplitude of each respective custom component
- $k$ is the amplitude of the Rayleigh scattering baseline
- $m$ describes the loss in transmittance due to the scattering
- $b$ is a constant absorbance baseline

The user can optionally provide guesses to the values of these parameters. This is done by providing a list of dictionaries to the `fit_peaks` function. Each dictionary in the list corresponds to one parameter. It must include a lower limit value, a guess value, and an upper limit value.

It is important to provide the guesses in the same order as DUVET expects them. Guesses relating to the custom component amplitudes must be provided first. If no custom components are used, no guesses need to be provided to them. Second must come the guesses relating to the rayleigh scattering, in this order: $m$, $k$, $b$. Third are the guesses for the Gaussian functions. They must be given in groups of three, with each group containing $a$, $\lambda_0$, and $\sigma$ in that order.

Examples of the fitting are shown below:

## Example: Fitting with gaussians

You can fit with any arbitrary number of gaussians. If you provide your own guesses, you can only fit up to the number of functions you provide guesses for. Otherwise, you can fit as many gaussians as you want. However, the program will choose the fit with the best reduced chi square, which tends to prefer smaller numbers of free parameters.


```python
import spectools
import pandas as pd
import numpy as np
import matplotlib.pyplot as plt
import random

# keep things reproducable
random.seed(31415)
# define colors for plotting
colors = ["#dcdcdc", "#2f4f4f", "#a52a2a", "#191970", "#006400", "#bdb76b", "#9acd32",
"#66cdaa", "#ff0000", "#ff8c00", "#ffd700", "#c71585", "#0000cd", "#00ff00",
"#00fa9a", "#00bfff", "#ff00ff", "#dda0dd", "#7b68ee", "#ffa07a"]

def build_spectra(path, bkgd_short1, bkgd_short2, bkgd_long1, bkgd_long2,
                  sample_short1, sample_short2, sample_long1, sample_long2,
                  color="#000001", name=None):
    """
    Builds the spectra as appropriate for this experiment
    """
    # build short spectrum
    spec1 = spectools.Spectrum()
    spec1.change_name(sample_short1[-9:-4])
    spec1.add_bkgd(bkgd_short1)
    spec1.add_bkgd(bkgd_short2)
    spec1.add_sample(sample_short1)
    spec1.add_sample(sample_short2)
    spec1.change_color(color)
    spec1.change_offset(0.0)
    spec1.average_scans()

    # build long spectrum
    spec2 = spectools.Spectrum()
    spec2.change_name(sample_long1[-9:-4])
    spec2.add_bkgd(bkgd_long1)
    spec2.add_bkgd(bkgd_long2)
    spec2.add_sample(sample_long1)
    spec2.add_sample(sample_long2)
    spec2.change_color(color)
    spec2.change_offset(0.0)
    spec2.average_scans()

    stiched = spectools.StitchedSpectrum([spec1, spec2])
    if name:
        stiched.change_name(name)
    return stiched

path = "./raw_data/SergioIoppolo-November2023/20231101/"

bkgd_short1 = path + "R73773.d01"
bkgd_short2 = path + "R73773.d02"
bkgd_long1 = path + "R73775.d01"
bkgd_long2 = path + "R73775.d02"

sample_short1 = path + "R73808.d01"
sample_short2 = path + "R73808.d02"
sample_long1 = path + "R73809.d01"
sample_long2 = path + "R73809.d02"

spec = build_spectra(path, bkgd_short1, bkgd_short2, bkgd_long1, bkgd_long2,
                        sample_short1, sample_short2, sample_long1, sample_long2,
                        color=colors[11], name="200K Propane + 50s 1keV e-")


# fix the end of the spectrum to 0
i = len(spec.data['absorbance'])
spec.change_offset(-1*spec.data['absorbance'][i-1])
```


```python
guesses = [{'lower':0, 'guess':4, 'upper':5},   # amplitude
           {'lower':0, 'guess':135, 'upper':340},   # center
           {'lower':0, 'guess':20, 'upper':340},   # standard deviation
           
           {'lower':0, 'guess':3, 'upper':5},   # amplitude
           {'lower':0, 'guess':185, 'upper':340},   # center
           {'lower':0, 'guess':20, 'upper':340},   # standard deviation
           
           {'lower':0, 'guess':2, 'upper':5},   # amplitude
           {'lower':225, 'guess':240, 'upper':250},   # center
           {'lower':0, 'guess':20, 'upper':340},   # standard deviation
           
           {'lower':0, 'guess':0.4, 'upper':5},   # amplitude
           {'lower':274, 'guess':276, 'upper':279},   # center
           {'lower':0, 'guess':20, 'upper':100},   # standard deviation
           
           {'lower':0, 'guess':0.4, 'upper':5},   # amplitude
           {'lower':296, 'guess':298, 'upper':300},   # center
           {'lower':0, 'guess':20, 'upper':100},   # standard deviation
           
           {'lower':0, 'guess':0.1, 'upper':5},   # amplitude
           {'lower':324, 'guess':326, 'upper':328},   # center
           {'lower':0, 'guess':10, 'upper':100},   # standard deviation
          ]

spec.fit_peaks(verbose=True, ng=6, guesses=guesses, fit_lim=(120, 340))
spectools.plot_fit(spec, plot_peaks=True, xlim=(120, 340),
               ylim=(0, spec.data[spec.data['wavelength']>120]['absorbance'].max()*1.1),
               plot_fit_components=True, save_path="./misc_figures/fit.svg")
```




    (<Axes: ylabel='Absorbance'>, <Axes: xlabel='Wavelength (nm)'>)




    
![png](README_files/output_41_1.png)
    



```python
spec.data
```




<div>
<style scoped>
    .dataframe tbody tr th:only-of-type {
        vertical-align: middle;
    }

    .dataframe tbody tr th {
        vertical-align: top;
    }

    .dataframe thead th {
        text-align: right;
    }
</style>
<table border="1" class="dataframe">
  <thead>
    <tr style="text-align: right;">
      <th></th>
      <th>wavelength</th>
      <th>absorbance</th>
      <th>best_fit</th>
      <th>residuals</th>
    </tr>
  </thead>
  <tbody>
    <tr>
      <th>0</th>
      <td>110.0</td>
      <td>0.036513</td>
      <td>NaN</td>
      <td>NaN</td>
    </tr>
    <tr>
      <th>1</th>
      <td>111.0</td>
      <td>-0.002350</td>
      <td>NaN</td>
      <td>NaN</td>
    </tr>
    <tr>
      <th>2</th>
      <td>112.0</td>
      <td>0.022638</td>
      <td>NaN</td>
      <td>NaN</td>
    </tr>
    <tr>
      <th>3</th>
      <td>113.0</td>
      <td>0.014045</td>
      <td>NaN</td>
      <td>NaN</td>
    </tr>
    <tr>
      <th>4</th>
      <td>114.0</td>
      <td>0.096445</td>
      <td>NaN</td>
      <td>NaN</td>
    </tr>
    <tr>
      <th>...</th>
      <td>...</td>
      <td>...</td>
      <td>...</td>
      <td>...</td>
    </tr>
    <tr>
      <th>226</th>
      <td>336.0</td>
      <td>0.024983</td>
      <td>0.025747</td>
      <td>-0.000763</td>
    </tr>
    <tr>
      <th>227</th>
      <td>337.0</td>
      <td>0.025773</td>
      <td>0.025454</td>
      <td>0.000320</td>
    </tr>
    <tr>
      <th>228</th>
      <td>338.0</td>
      <td>0.024884</td>
      <td>0.025194</td>
      <td>-0.000310</td>
    </tr>
    <tr>
      <th>229</th>
      <td>339.0</td>
      <td>0.024810</td>
      <td>0.024970</td>
      <td>-0.000160</td>
    </tr>
    <tr>
      <th>230</th>
      <td>340.0</td>
      <td>0.024115</td>
      <td>NaN</td>
      <td>NaN</td>
    </tr>
  </tbody>
</table>
<p>231 rows × 4 columns</p>
</div>




```python
spec.peaks
```




    [{'peak': 132.1611741407202, 'peak_error': 0.2731847265698752},
     {'peak': 181.52690419394142, 'peak_error': 0.690605496749274},
     {'peak': 247.94058589114866, 'peak_error': 0.9162816149944981},
     {'peak': 277.0422034374177, 'peak_error': 1.2625762611669944},
     {'peak': 297.91489391664334, 'peak_error': 1.3225031759728159},
     {'peak': 325.87360811741803, 'peak_error': 1.597896711501519}]




```python
spec.fit_results
```




    {'reduced_chi_square': 0.5103144021863664,
     'n_gaussians': 6,
     'n_custom_components': 0,
     'fitted_scattering': False,
     'custom_component_parameters': [],
     'scattering_parameters': [],
     'gaussian_parameters': [{'value': 2.442799062655488,
       'error': 0.17661897692225761,
       'parameter': 'amplitude'},
      {'value': 132.1611741407202,
       'error': 0.2731847265698752,
       'parameter': 'center'},
      {'value': 16.781369569150726,
       'error': 0.44411473860083905,
       'parameter': 'std'},
      {'value': 4.32676377266341,
       'error': 0.27031895450146226,
       'parameter': 'amplitude'},
      {'value': 181.52690419394142,
       'error': 0.690605496749274,
       'parameter': 'center'},
      {'value': 30.273467516154355,
       'error': 1.7714852550209894,
       'parameter': 'std'},
      {'value': 1.1974241901062608,
       'error': 0.13804794018989236,
       'parameter': 'amplitude'},
      {'value': 247.94058589114866,
       'error': 0.9162816149944981,
       'parameter': 'center'},
      {'value': 20.23187485980927, 'error': 1.373568495050898, 'parameter': 'std'},
      {'value': 0.12141719220191141,
       'error': 0.05938295294136964,
       'parameter': 'amplitude'},
      {'value': 277.0422034374177,
       'error': 1.2625762611669944,
       'parameter': 'center'},
      {'value': 7.14532897144767, 'error': 1.2594377698210129, 'parameter': 'std'},
      {'value': 0.3733466504767837,
       'error': 0.06501195642506839,
       'parameter': 'amplitude'},
      {'value': 297.91489391664334,
       'error': 1.3225031759728159,
       'parameter': 'center'},
      {'value': 11.989765800030952,
       'error': 2.0443269023581543,
       'parameter': 'std'},
      {'value': 0.07338471576859575,
       'error': 0.02136876681605398,
       'parameter': 'amplitude'},
      {'value': 325.87360811741803,
       'error': 1.597896711501519,
       'parameter': 'center'},
      {'value': 7.39148182018958,
       'error': 1.3145189915494848,
       'parameter': 'std'}],
     'p': array([2.44279906e+00, 1.32161174e+02, 1.67813696e+01, 4.32676377e+00,
            1.81526904e+02, 3.02734675e+01, 1.19742419e+00, 2.47940586e+02,
            2.02318749e+01, 1.21417192e-01, 2.77042203e+02, 7.14532897e+00,
            3.73346650e-01, 2.97914894e+02, 1.19897658e+01, 7.33847158e-02,
            3.25873608e+02, 7.39148182e+00]),
     'pcov': array([[ 3.11942630e-02,  4.03796655e-02,  7.48581857e-02,
             -4.66825348e-02,  1.05842545e-01, -3.03295355e-01,
              2.10821665e-02, -1.34423183e-01,  1.84488475e-01,
             -3.03623911e-03,  7.62481822e-03, -5.99722460e-02,
             -5.77751925e-04,  3.56616554e-03,  1.95796774e-02,
             -2.10122213e-04,  1.42011464e-02, -8.96954592e-03],
            [ 4.03796655e-02,  7.46298948e-02,  8.62435324e-02,
             -6.34923953e-02,  1.44665431e-01, -4.14583095e-01,
              2.85772143e-02, -1.84949341e-01,  2.47938659e-01,
             -4.01136270e-03,  1.02175487e-02, -7.89607057e-02,
             -7.99019680e-04,  5.43898375e-03,  2.53876801e-02,
             -2.75192881e-04,  1.86077920e-02, -1.17644198e-02],
            [ 7.48581857e-02,  8.62435324e-02,  1.97237901e-01,
             -1.06068986e-01,  2.74567649e-01, -6.79498505e-01,
              4.49103396e-02, -2.95699570e-01,  3.81781164e-01,
             -6.04574734e-03,  1.55573923e-02, -1.18644525e-01,
             -1.25705551e-03,  9.25269808e-03,  3.75731911e-02,
             -4.11201456e-04,  2.78181002e-02, -1.76005993e-02],
            [-4.66825348e-02, -6.34923953e-02, -1.06068986e-01,
              7.30723372e-02, -1.42850697e-01,  4.77870771e-01,
             -3.50881585e-02,  2.13042975e-01, -3.17734069e-01,
              5.50127094e-03, -1.33134720e-02,  1.09644537e-01,
              9.15245484e-04, -3.79086114e-03, -3.72342042e-02,
              3.89593295e-04, -2.62975958e-02,  1.65691141e-02],
            [ 1.05842545e-01,  1.44665431e-01,  2.74567649e-01,
             -1.42850697e-01,  4.76935952e-01, -9.13216510e-01,
              5.04073474e-02, -4.00049444e-01,  3.64298038e-01,
             -3.99367989e-03,  1.37719775e-02, -7.15839538e-02,
             -1.73488562e-03,  2.44891672e-02,  1.27145109e-02,
             -2.10578086e-04,  1.44770935e-02, -9.44682561e-03],
            [-3.03295355e-01, -4.14583095e-01, -6.79498505e-01,
              4.77870771e-01, -9.13216510e-01,  3.13816001e+00,
             -2.31066428e-01,  1.40836336e+00, -2.09140904e+00,
              3.60706077e-02, -8.76964176e-02,  7.18220847e-01,
              6.08547679e-03, -2.66036335e-02, -2.42979353e-01,
              2.54877369e-03, -1.72063366e-01,  1.08442406e-01],
            [ 2.10821665e-02,  2.85772143e-02,  4.49103396e-02,
             -3.50881585e-02,  5.04073474e-02, -2.31066428e-01,
              1.90572338e-02, -9.47505382e-02,  1.84819841e-01,
             -3.82452175e-03,  7.34520515e-03, -7.95112091e-02,
             -2.70392892e-04, -5.14208767e-03,  3.08779237e-02,
             -2.94213986e-04,  1.97433222e-02, -1.22685447e-02],
            [-1.34423183e-01, -1.84949341e-01, -2.95699570e-01,
              2.13042975e-01, -4.00049444e-01,  1.40836336e+00,
             -9.47505382e-02,  8.39571998e-01, -7.89757293e-01,
              5.01132222e-03, -4.38493702e-02,  4.75502595e-02,
              6.45776087e-03, -1.24160873e-01,  4.37007164e-02,
             -5.84289419e-06, -1.43988354e-03,  3.69886981e-03],
            [ 1.84488475e-01,  2.47938659e-01,  3.81781164e-01,
             -3.17734069e-01,  3.64298038e-01, -2.09140904e+00,
              1.84819841e-01, -7.89757293e-01,  1.88669041e+00,
             -4.16837742e-02,  7.76320448e-02, -8.71739740e-01,
             -1.99474096e-03, -7.40709375e-02,  3.49424775e-01,
             -3.28112745e-03,  2.20121757e-01, -1.36784475e-01],
            [-3.03623911e-03, -4.01136270e-03, -6.04574734e-03,
              5.50127094e-03, -3.99367989e-03,  3.60706077e-02,
             -3.82452175e-03,  5.01132222e-03, -4.16837742e-02,
              3.52633510e-03,  5.46471885e-02,  7.08488771e-02,
             -3.11368413e-03,  6.36016537e-02, -1.04821969e-01,
              9.33322594e-04, -6.42275346e-02,  4.33125753e-02],
            [ 7.62481822e-03,  1.02175487e-02,  1.55573923e-02,
             -1.33134720e-02,  1.37719775e-02, -8.76964176e-02,
              7.34520515e-03, -4.38493702e-02,  7.76320448e-02,
              5.46471885e-02,  1.59409882e+00,  1.04012329e+00,
             -7.44177646e-02,  1.51633464e+00, -2.22118641e+00,
              1.90584558e-02, -1.30765550e+00,  8.72509085e-01],
            [-5.99722460e-02, -7.89607057e-02, -1.18644525e-01,
              1.09644537e-01, -7.15839538e-02,  7.18220847e-01,
             -7.95112091e-02,  4.75502595e-02, -8.71739740e-01,
              7.08488771e-02,  1.04012329e+00,  1.58618350e+00,
             -5.74695575e-02,  1.27842498e+00, -1.90506550e+00,
              1.61117585e-02, -1.09778018e+00,  7.20879804e-01],
            [-5.77751925e-04, -7.99019680e-04, -1.25705551e-03,
              9.15245484e-04, -1.73488562e-03,  6.08547679e-03,
             -2.70392892e-04,  6.45776087e-03, -1.99474096e-03,
             -3.11368413e-03, -7.44177646e-02, -5.74695575e-02,
              4.22655448e-03, -7.44820639e-02,  1.30156853e-01,
             -1.23261499e-03,  8.59148957e-02, -6.09120306e-02],
            [ 3.56616554e-03,  5.43898375e-03,  9.25269808e-03,
             -3.79086114e-03,  2.44891672e-02, -2.66036335e-02,
             -5.14208767e-03, -1.24160873e-01, -7.40709375e-02,
              6.36016537e-02,  1.51633464e+00,  1.27842498e+00,
             -7.44820639e-02,  1.74901465e+00, -2.25274446e+00,
              1.71677661e-02, -1.15230076e+00,  6.89032674e-01],
            [ 1.95796774e-02,  2.53876801e-02,  3.75731911e-02,
             -3.72342042e-02,  1.27145109e-02, -2.42979353e-01,
              3.08779237e-02,  4.37007164e-02,  3.49424775e-01,
             -1.04821969e-01, -2.22118641e+00, -1.90506550e+00,
